[gd_scene format=3 uid="uid://b371vvnmuckeg"]

[ext_resource type="Material" uid="uid://q755r5uv4vnc" path="res://Assets/Materials/mushroom.tres" id="1_f6yr8"]
[ext_resource type="Material" uid="uid://chfv2vbnyrjeq" path="res://Assets/Materials/white feather.tres" id="2_d6v6u"]
[ext_resource type="Material" uid="uid://djo6ynjph3nfj" path="res://Assets/Materials/bone.tres" id="3_v57si"]
[ext_resource type="Material" uid="uid://b0ku5dhguqnf0" path="res://Assets/Materials/rafflesia.tres" id="4_b8shk"]
[ext_resource type="Material" uid="uid://bnpe52xl5ngok" path="res://Assets/Materials/Eyeball.tres" id="5_5cpyl"]

[node name="Abigail" type="AnimatedSprite3D" unique_id=1454506318]

[node name="CSGSphere3D" type="CSGSphere3D" parent="." unique_id=735442531]
radius = 1.0
material = ExtResource("1_f6yr8")

[node name="CSGBox3D" type="CSGBox3D" parent="CSGSphere3D" unique_id=1658553367]
transform = Transform3D(1, 0, 0, 0, 1, 0, 0, 0, 1, 0, -0.40014404, 0)
operation = 2
size = Vector3(3, 1, 3)
material = ExtResource("2_d6v6u")

[node name="CSGCylinder3D" type="CSGCylinder3D" parent="." unique_id=538678974]
transform = Transform3D(1, 0, 0, 0, 1, 0, 0, 0, 1, 0, -0.078826904, 0)
radius = 0.5864258
height = 1.9402466
sides = 20
cone = true
material = ExtResource("3_v57si")

[node name="CSGTorus3D" type="CSGTorus3D" parent="CSGCylinder3D" unique_id=914804699]
transform = Transform3D(0.9632899, 0.2545122, -0.08541692, -0.25544578, 0.9668234, 0, 0.08258308, 0.021819392, 0.9963453, 0.37859893, -0.50623035, -0.15677321)
operation = 2
inner_radius = 0.096
outer_radius = 0.008
sides = 12
material = ExtResource("4_b8shk")

[node name="CSGSphere3D2" type="CSGSphere3D" parent="." unique_id=340683670]
transform = Transform3D(-2.5569312e-08, -0.58495766, -0.8110638, 1, -4.371139e-08, 0, -3.5452725e-08, -0.8110638, 0.58495766, 0.24171293, -0.21294904, -0.38575864)
radius = 0.37
radial_segments = 18
rings = 17
material = ExtResource("5_5cpyl")

[node name="CSGSphere3D3" type="CSGSphere3D" parent="." unique_id=364854177]
transform = Transform3D(-1.5522218e-08, -0.35510692, -0.9348256, 1, -4.3711385e-08, 0, -4.0862528e-08, -0.9348256, 0.35510692, 0.46569765, -0.2511034, 0.17755294)
radius = 0.3
radial_segments = 18
rings = 17
material = ExtResource("5_5cpyl")
