[gd_scene format=3 uid="uid://ncaf78hcdqjv"]

[ext_resource type="Material" uid="uid://c1ncahvquhln4" path="res://ghost.tres" id="1_f3nyx"]

[node name="Ghost" type="AnimatableBody3D" unique_id=866992624]

[node name="CSGCylinder3D2" type="CSGCylinder3D" parent="." unique_id=790595856]
transform = Transform3D(1, 0, 0, 0, 1, 0, 0, 0, 1, 0, -1.4182434, 0)
height = 1.749939
sides = 16
cone = true
material = ExtResource("1_f3nyx")

[node name="CSGCylinder3D8" type="CSGCylinder3D" parent="." unique_id=174490225]
transform = Transform3D(1, 0, 0, 0, 1, 0, 0, 0, 1, 0, 0.2666955, 0)
radius = 0.256
height = 0.473
sides = 16
cone = true
material = ExtResource("1_f3nyx")

[node name="CSGCylinder3D14" type="CSGCylinder3D" parent="." unique_id=1940930296]
transform = Transform3D(1, 0, 0, 0, -0.42261818, 0.9063078, 0, -0.9063078, -0.42261818, 0, -0.24338102, -0.3196634)
radius = 0.256
height = 0.473
sides = 16
cone = true
material = ExtResource("1_f3nyx")

[node name="CSGCylinder3D16" type="CSGCylinder3D" parent="." unique_id=25685637]
transform = Transform3D(0.90630776, -0.38302222, -0.17860623, 0, -0.42261833, 0.90630776, -0.42261827, -0.8213937, -0.38302228, -0.13349088, -0.24338102, -0.27522928)
radius = 0.256
height = 0.473
sides = 16
cone = true
material = ExtResource("1_f3nyx")

[node name="CSGCylinder3D15" type="CSGCylinder3D" parent="." unique_id=1650527898]
transform = Transform3D(0.90630776, 0.42261827, 0, 0.17860623, -0.38302228, 0.90630776, 0.38302222, -0.8213937, -0.42261833, 0.15228558, -0.24338102, -0.27522928)
radius = 0.256
height = 0.473
sides = 16
cone = true
material = ExtResource("1_f3nyx")

[node name="CSGCylinder3D9" type="CSGCylinder3D" parent="." unique_id=343288641]
transform = Transform3D(1, 0, 0, 0, 1, 0, 0, 0, 1, 0, -0.143465, 0.29810238)
radius = 0.016
height = 0.054
sides = 16
cone = true
material = ExtResource("1_f3nyx")

[node name="CSGSphere3D" type="CSGSphere3D" parent="." unique_id=588179516]
transform = Transform3D(1, 0, 0, 0, 1, 0, 0, 0, 1, 0, -0.10734451, 0)
radius = 0.30540064
material = ExtResource("1_f3nyx")

[node name="CSGSphere3D2" type="CSGSphere3D" parent="." unique_id=1102072469]
transform = Transform3D(1, 0, 0, 0, 1, 0, 0, 0, 1, 0, -0.7805516, 0)
radius = 0.32134295
material = ExtResource("1_f3nyx")

[node name="CSGCylinder3D" type="CSGCylinder3D" parent="." unique_id=259972454]
transform = Transform3D(1, 0, 0, 0, 1, 0, 0, 0, 1, 0, -1.119592, 0)
radius = 0.17871094
height = 1.0027161
material = ExtResource("1_f3nyx")

[node name="CSGCylinder3D3" type="CSGCylinder3D" parent="." unique_id=738132049]
transform = Transform3D(1, 0, 0, 0, 1, 0, 0, 0, 1, 0, -0.7177187, 0)
radius = 0.07421875
height = 1.0027161
material = ExtResource("1_f3nyx")

[node name="CSGSphere3D3" type="CSGSphere3D" parent="." unique_id=2042964637]
transform = Transform3D(1, 0, 0, 0, 1, 0, 0, 0, 1, 0.30417663, -0.5856865, 0)
radius = 0.15783378
material = ExtResource("1_f3nyx")

[node name="CSGSphere3D4" type="CSGSphere3D" parent="." unique_id=152507527]
transform = Transform3D(1, 0, 0, 0, 1, 0, 0, 0, 1, -0.33669347, -0.5856865, 0)
radius = 0.15783378
material = ExtResource("1_f3nyx")

[node name="CSGSphere3D11" type="CSGSphere3D" parent="." unique_id=200798744]
transform = Transform3D(1, 0, 0, 0, 1, 0, 0, 0, 1, -0.16899699, -0.7482114, 0.21064997)
radius = 0.15783378
material = ExtResource("1_f3nyx")

[node name="CSGSphere3D12" type="CSGSphere3D" parent="." unique_id=514870539]
transform = Transform3D(1, 0, 0, 0, 1, 0, 0, 0, 1, 0.1381391, -0.7512522, 0.21064997)
radius = 0.15783378
material = ExtResource("1_f3nyx")

[node name="CSGSphere3D5" type="CSGSphere3D" parent="." unique_id=1606695319]
transform = Transform3D(1, 0, 0, 0, 1, 0, 0, 0, 1, -0.54311216, -0.69533163, 0.3449663)
radius = 0.13005005
material = ExtResource("1_f3nyx")

[node name="CSGSphere3D6" type="CSGSphere3D" parent="." unique_id=1293007758]
transform = Transform3D(1, 0, 0, 0, 1, 0, 0, 0, 1, 0.8006958, -0.69533163, 0.30591643)
radius = 0.13005005
material = ExtResource("1_f3nyx")

[node name="CSGSphere3D7" type="CSGSphere3D" parent="." unique_id=1995838541]
transform = Transform3D(1, 0, 0, 0, 1, 0, 0, 0, 1, 0.6355835, -0.9575659, 0.045319557)
radius = 0.11
material = ExtResource("1_f3nyx")

[node name="CSGSphere3D8" type="CSGSphere3D" parent="." unique_id=1489294717]
transform = Transform3D(1, 0, 0, 0, 1, 0, 0, 0, 1, -0.63673353, -0.9575659, 0.045319557)
radius = 0.11
material = ExtResource("1_f3nyx")

[node name="CSGCylinder3D4" type="CSGCylinder3D" parent="." unique_id=1047958075]
transform = Transform3D(0.71447265, -0.69966334, 0, 0.69966334, 0.71447265, 0, 0, 0, 1, 0.49212313, -0.7855962, 0.019467711)
radius = 0.07421875
height = 0.43378448
material = ExtResource("1_f3nyx")

[node name="CSGCylinder3D5" type="CSGCylinder3D" parent="." unique_id=1420247286]
transform = Transform3D(0.71447265, 0.69966334, 0, -0.69966334, 0.71447265, 0, 0, 0, 1, -0.48363614, -0.7855962, 0.019467711)
radius = 0.07421875
height = 0.43378448
material = ExtResource("1_f3nyx")

[node name="CSGCylinder3D6" type="CSGCylinder3D" parent="." unique_id=354243669]
transform = Transform3D(0.41438216, -0.26879397, -0.86950403, 0.6119393, -0.624892, 0.4848096, -0.67366, -0.73298013, -0.09445849, -0.6022304, -0.84857166, 0.16649365)
radius = 0.07421875
height = 0.43378448
material = ExtResource("1_f3nyx")

[node name="CSGCylinder3D7" type="CSGCylinder3D" parent="." unique_id=2008238868]
transform = Transform3D(0.41438216, -0.26879397, -0.86950403, 0.6119393, -0.624892, 0.4848096, -0.67366, -0.73298013, -0.09445849, 0.70026076, -0.84857166, 0.16649365)
radius = 0.07421875
height = 0.43378448
material = ExtResource("1_f3nyx")

[node name="CSGCylinder3D10" type="CSGCylinder3D" parent="." unique_id=1824960282]
transform = Transform3D(0.7620286, -0.23015498, -0.6052612, 0.040001504, -0.9161872, 0.39874908, -0.64630663, -0.32806957, -0.68895435, -0.6177342, -1.2124559, 0.2270363)
radius = 0.034179688
height = 2.6028562
material = ExtResource("1_f3nyx")

[node name="CSGCylinder3D11" type="CSGCylinder3D" parent="." unique_id=1102077840]
transform = Transform3D(0.7620286, -0.23015498, -0.6052612, 0.040001504, -0.9161872, 0.39874908, -0.64630663, -0.32806957, -0.68895435, -0.3292517, -0.064081945, 0.6382476)
radius = 0.049
height = 0.21754754
material = ExtResource("1_f3nyx")

[node name="CSGCylinder3D12" type="CSGCylinder3D" parent="." unique_id=784164338]
transform = Transform3D(0.7620286, -0.23015498, -0.6052612, 0.040001504, -0.9161872, 0.39874908, -0.64630663, -0.32806957, -0.68895435, -0.29868913, 0.054347478, 0.6820335)
radius = 0.049
height = 0.21754754
cone = true
material = ExtResource("1_f3nyx")

[node name="CSGCylinder3D13" type="CSGCylinder3D" parent="." unique_id=1988843882]
transform = Transform3D(0.73403645, 0.41097078, 0.5406417, -0.035730906, 0.8183724, -0.57357645, -0.6781693, 0.40170845, 0.6153996, -0.20861457, 0.23570958, 0.7269852)
radius = 0.049
height = 0.21754754
cone = true
material = ExtResource("1_f3nyx")

[node name="CSGSphere3D9" type="CSGSphere3D" parent="." unique_id=1851644737]
transform = Transform3D(1, 0, 0, 0, 1, 0, 0, 0, 1, -0.15597622, -0.06804526, 0.22105)
radius = 0.05
material = ExtResource("1_f3nyx")

[node name="CSGSphere3D10" type="CSGSphere3D" parent="." unique_id=774801119]
transform = Transform3D(1, 0, 0, 0, 1, 0, 0, 0, 1, 0.15053256, -0.06804526, 0.22105)
radius = 0.05
material = ExtResource("1_f3nyx")

[node name="CSGTorus3D" type="CSGTorus3D" parent="." unique_id=1746607396]
transform = Transform3D(1, 0, 0, 0, -0.1736482, 0.9848077, 0, -0.9848077, -0.1736482, 0, -0.17732331, 0.22773927)
inner_radius = 0.005
outer_radius = 0.093
sides = 10
ring_sides = 10
material = ExtResource("1_f3nyx")
