[gd_scene format=3 uid="uid://d4ehtuavrfcdd"]

[ext_resource type="Material" uid="uid://p1yiw17sg76" path="res://Assets/Materials/Silver.tres" id="1_p8ba0"]
[ext_resource type="Material" uid="uid://cxdiqfppkq2vp" path="res://Assets/UFO.tres" id="2_6x6mw"]
[ext_resource type="Material" uid="uid://eantj5qcw6nt" path="res://Assets/Materials/black feather.tres" id="3_ia3ma"]

[sub_resource type="CylinderShape3D" id="CylinderShape3D_a80r0"]
height = 1.4702148

[node name="Robot" type="AnimatableBody3D" unique_id=1774327623]

[node name="CSGCylinder3D" type="CSGCylinder3D" parent="." unique_id=1405862667]
transform = Transform3D(1, 0, 0, 0, 1, 0, 0, 0, 1, 0, -0.70599365, 0)
height = 0.5880127
sides = 20
material = ExtResource("1_p8ba0")

[node name="CSGCylinder3D6" type="CSGCylinder3D" parent="." unique_id=183541577]
transform = Transform3D(1, 0, 0, 0, 1, 0, 0, 0, 1, 0, -0.30259705, 0)
radius = 0.010253906
height = 1.3948059
sides = 20
material = ExtResource("1_p8ba0")

[node name="CSGCylinder3D2" type="CSGCylinder3D" parent="." unique_id=1628331028]
transform = Transform3D(1, 0, 0, 0, 1, 0, 0, 0, 1, 0, -0.28590178, 0)
height = 0.14849854
sides = 20
material = ExtResource("1_p8ba0")

[node name="CSGCylinder3D4" type="CSGCylinder3D" parent="." unique_id=208663814]
transform = Transform3D(-4.3528015e-08, 0.9958049, -0.09150162, -1, -4.371139e-08, 0, -3.999663e-09, 0.09150162, 0.9958049, 0.25732738, -0.3819694, 0.07143482)
radius = 0.036621094
height = 0.73340607
sides = 20
material = ExtResource("1_p8ba0")

[node name="CSGCylinder3D5" type="CSGCylinder3D" parent="." unique_id=1520740694]
transform = Transform3D(-4.3528015e-08, 0.9958049, -0.09150162, -1, -4.371139e-08, 0, -3.999663e-09, 0.09150162, 0.9958049, 0.26425332, -0.3819694, 0.07207123)
radius = 0.0126953125
height = 0.74731636
sides = 20
material = ExtResource("2_6x6mw")

[node name="CSGCylinder3D9" type="CSGCylinder3D" parent="." unique_id=1435025280]
transform = Transform3D(-4.371139e-08, 1, 0, -1, -4.371139e-08, 0, 0, 0, 1, 0.20726204, -0.5657736, 0)
radius = 0.10253906
height = 0.6333046
sides = 20
material = ExtResource("1_p8ba0")

[node name="CSGCylinder3D10" type="CSGCylinder3D" parent="." unique_id=417988318]
transform = Transform3D(-4.371139e-08, 1, 0, -1, -4.371139e-08, 0, 0, 0, 1, 0.28214312, -0.5657736, 0)
radius = 0.064453125
height = 0.48938084
sides = 20
material = ExtResource("2_6x6mw")

[node name="CSGCylinder3D7" type="CSGCylinder3D" parent="." unique_id=1387326817]
transform = Transform3D(-4.2484867e-08, 0.97194046, 0.23522693, -1, -4.371139e-08, 0, 1.0282096e-08, -0.23522693, 0.97194046, 0.25741035, -0.342417, -0.062909536)
radius = 0.036621094
height = 0.73340607
sides = 20
material = ExtResource("1_p8ba0")

[node name="CSGCylinder3D8" type="CSGCylinder3D" parent="." unique_id=1493688545]
transform = Transform3D(-4.2484867e-08, 0.97194046, 0.23522693, -1, -4.371139e-08, 0, 1.0282096e-08, -0.23522693, 0.97194046, 0.26417035, -0.342417, -0.06454558)
radius = 0.0126953125
height = 0.74731636
sides = 20
material = ExtResource("2_6x6mw")

[node name="CSGCylinder3D3" type="CSGCylinder3D" parent="." unique_id=762997351]
transform = Transform3D(1, 0, 0, 0, 1, 0, 0, 0, 1, 0, -0.4178269, 0)
radius = 0.42089844
height = 0.29788208
sides = 20
material = ExtResource("1_p8ba0")

[node name="CSGSphere3D" type="CSGSphere3D" parent="." unique_id=2952292]
transform = Transform3D(1, 0, 0, 0, 1, 0, 0, 0, 1, 0, -0.32933193, 0)
radius = 0.5069929
radial_segments = 20
material = ExtResource("1_p8ba0")

[node name="CSGSphere3D3" type="CSGSphere3D" parent="." unique_id=1776833442]
transform = Transform3D(1, 0, 0, 0, 1, 0, 0, 0, 1, 0, 0.41737872, 0)
radius = 0.031801466
radial_segments = 20
material = ExtResource("2_6x6mw")

[node name="CSGSphere3D2" type="CSGSphere3D" parent="." unique_id=325245620]
transform = Transform3D(1, 0, 0, 0, 1, 0, 0, 0, 1, 0, -0.14410019, 0)
radius = 0.3458388
radial_segments = 20
material = ExtResource("1_p8ba0")

[node name="CSGSphere3D4" type="CSGSphere3D" parent="." unique_id=625696295]
transform = Transform3D(1, 0, 0, 0, 1, 0, 0, 0, 1, 0, -0.8576976, 0)
radius = 0.3458388
radial_segments = 20
material = ExtResource("3_ia3ma")

[node name="CollisionShape3D" type="CollisionShape3D" parent="." unique_id=430220673]
transform = Transform3D(1, 0, 0, 0, 1, 0, 0, 0, 1, 0, -0.32788086, 0)
shape = SubResource("CylinderShape3D_a80r0")
